##########################################
# Windshield-Free
##########################################
D = [-0.09859049375686597, 0.10004925332772914, -0.0011073108980737963, 0.0021493778304526863, 0.0]
K = [739.5974260834571, 0.0, 314.61185577249967, 0.0, 733.8746599422705, 234.6924253038315, 0.0, 0.0, 1.0]
R = [1.0, 0.0, 0.0, 0.0, 1.0, 0.0, 0.0, 0.0, 1.0]
P = [728.3435727827563, 0.0, 315.4340476936791, 0.0, 0.0, 726.8612357853156, 234.3409549913019, 0.0, 0.0, 0.0, 1.0, 0.0]
None
# oST version 5.0 parameters


[image]

width
640

height
480

[narrow_stereo]

camera matrix
739.597426 0.000000 314.611856
0.000000 733.874660 234.692425
0.000000 0.000000 1.000000

distortion
-0.098590 0.100049 -0.001107 0.002149 0.000000

rectification
1.000000 0.000000 0.000000
0.000000 1.000000 0.000000
0.000000 0.000000 1.000000

projection
728.343573 0.000000 315.434048 0.000000
0.000000 726.861236 234.340955 0.000000
0.000000 0.000000 1.000000 0.000000


##########################################
# Windshield-On
##########################################
D = [0.3094014627390134, -2.2266574239597734, -0.024254509110161467, -0.0017303703928775453, 0.0]
K = [727.9541140708559, 0.0, 285.79892668254416, 0.0, 719.4820319511114, 216.49980948602527, 0.0, 0.0, 1.0]
R = [1.0, 0.0, 0.0, 0.0, 1.0, 0.0, 0.0, 0.0, 1.0]
P = [727.9541140708559, 0.0, 285.79892668254416, 0.0, 0.0, 729.6031153170916, 212.807172013797, 0.0, 0.0, 0.0, 1.0, 0.0]
None
# oST version 5.0 parameters


[image]

width
640

height
480

[narrow_stereo]

camera matrix
727.954114 0.000000 285.798927
0.000000 719.482032 216.499809
0.000000 0.000000 1.000000

distortion
0.309401 -2.226657 -0.024255 -0.001730 0.000000

rectification
1.000000 0.000000 0.000000
0.000000 1.000000 0.000000
0.000000 0.000000 1.000000

projection
727.954114 0.000000 285.798927 0.000000
0.000000 729.603115 212.807172 0.000000
0.000000 0.000000 1.000000 0.000000

